462
51
326
422
744
41
202
660
720
868
228
590
344
237
519
158
266
551
732
89
880
4
659
95
229
144
318
127
446
152
659
527
165
647
50
423
614
5
795
412
372
22
264
758
968
777
988
513
827
264
589
793
549
873
677
502
104
390
986
4
640
909
811
712
362
978
633
517
922
121
752
507
655
673
4
480
413
827
15
399
724
430
821
277
849
149
268
915
443
652
902
790
739
118
479
789
164
368
643
660
380
966
435
408
640
518
849
385
170
929
638
274
25
887
941
717
802
209
493
143
452
642
747
49
247
288
253
227
265
802
262
417
631
969
466
990
77
653
920
348
342
816
334
888
320
264
634
239
487
923
14
921
271
116
456
907
120
368
317
642
616
336
366
938
234
641
863
260
325
657
591
237
215
1
523
276
634
819
932
279
801
684
752
548
474
740
197
790
288
79
881
968
806
798
550
338
648
100
204
137
594
973
923
962
673
242
906
569
530
839
215
702
782
121
596
937
69
283
837
830
840
907
131
253
218
246
967
395
12
1000
106
120
256
572
336
822
955
827
802
88
183
834
609
537
511
478
404
186
509
330
763
362
509
514
384
17
611
532
678
737
968
853
486
655
326
939
43
618
892
705
301
650
13
550
550
200
129
592
467
223
163
700
219
864
293
205
872
925
343
370
28
211
272
531
861
295
909
432
578
789
529
614
533
461
647
911
690
189
295
661
284
330
605
587
322
559
219
422
738
318
533
13
390
972
40
520
762
848
682
889
521
362
439
97
137
883
135
192
693
748
630
37
490
317
543
121
506
854
825
677
767
186
337
556
987
836
205
324
79
311
66
408
436
913
623
592
636
876
182
208
167
345
610
32
998
587
91
133
820
159
593
605
538
420
718
442
121
778
920
528
960
435
315
458
185
232
678
419
137
823
334
689
797
35
897
301
702
285
895
235
966
69
495
357
116
467
444
235
15
48
434
161
862
194
496
116
738
151
599
188
586
86
587
810
397
3
455
156
252
735
192
745
343
611
249
33
839
916
55
312
586
689
818
217
994
583
29
671
830
478
244
685
516
47
202
431
55
737
875
216
520
398
187
149
762
219
500
211
884
187
219
70
859
377
213
502
545
625
883
338
636
888
414
71
105
879
763
85
420
882
542
471
450
776
613
668
838
596
991
94
130
217
147
334
792
681
165
679
268
81
349
565
352
995
682
494
277
22
697
801
389
480
841
730
274
440
135
502
862
526
453
761
22
292
251
923
826
969
534
876
977
672
646
936
491
290
698
868
880
517
136
351
806
473
789
896
590
282
325
27
694
946
968
360
636
572
28
458
592
563
882
631
643
77
565
154
561
739
922
329
555
640
351
868
634
124
678
427
362
669
523
769
824
998
624
49
270
206
522
524
840
987
109
687
115
204
246
403
802
752
101
944
82
219
387
249
808
108
575
665
482
665
131
755
942
674
259
529
21
2
653
130
442
376
866
528
517
556
379
673
624
231
400
551
531
87
531
579
923
167
964
964
742
63
148
775
597
264
593
317
57
150
170
41
17
801
776
58
500
111
82
572
283
105
271
249
911
283
335
520
862
197
724
104
611
827
436
421
511
918
579
957
705
597
276
785
84
371
619
494
544
918
61
19
962
575
377
74
270
490
141
392
922
883
330
661
677
778
424
301
617
569
674
226
186
850
428
399
97
852
239
949
887
440
424
462
330
168
202
362
427
907
461
536
649
679
878
729
328
842
609
976
200
234
909
911
69
635
816
560
434
936
140
879
602
233
809
609
689
17
889
1000
862
836
382
195
492
330
742
836
829
989
973
162
193
309
14
132
136
576
708
111
347
155
46
640
360
472
415
850
418
149
403
891
917
121
326
356
435
93
201
158
618
781
975
454
769
865
266
473
146
375
891
44
59
771
666
588
774
758
206
879
460
792
993
259
226
323
943
473
988
218
634
130
840
976
128
617
697
255
284
758
789
424
639
839
229
271
864
564
989
883
266
883
758
343
367
344
65
496
98
92
262
713
320
592
773
794
247
562
764
706
30
537
245
854
754
473
77
556
146
754
875
333
333
638
168
269
463
867
341
710
97
150
540
484
914
380
316
332
523
474
905
904
697
239
638
980
557
802
708
189
64
998
192
344
764
89
32
529
32
329
79
881
11
121
417
340
854
520
242
429
838
604
575
729
112
586
623
30
134
775
503
287
361
185
985
271
494
827
847
461
776
89
16
279
943
815
52
614
259
745
422
958
394
329
175
139
675
245
624
996
312
387
432
668
609
395
570
477
843
755
289
678
730
926
190
120
311
128
543
249
427
731
807
329
648
302
986
28
730
424
752
254
146
646
441
391
879
999
486
194
203
735
317
961
733
81
116
801
399
490
582
232
304
202
682
927
543
249
461
338
687
786
967
316
757
452
775
938
263
459
597
557
353
940
504
905
703
692
608
538
18
913
751
635
376
518
944
830
707
253
889
801
330
277
695
475
200
253
79
481
31
598
668
438
493
949
227
774
734
948
455
161
711
116
485
871
836
380
54
161
647
419
753
158
332
835
894
107
461
516
880
589
141
181
590
487
658
521
727
220
767
585
816
811
521
33
303
882
656
212
110
52
677
177
193
147
736
959
487
561
987
851
871
784
426
5
170
591
952
699
689
303
541
726
625
767
287
680
607
960
597
859
684
37
849
858
799
516
727
863
161
489
249
191
693
779
160
813
280
229
772
276
761
591
936
832
442
726
323
307
608
349
439
781
335
389
350
947
459
53
566
476
477
90
806
312
977
42
239
230
933
85
266
712
185
499
122
590
656
103
188
317
839
57
12
713
240
804
401
22
28
950
599
957
339
809
956
594
859
273
748
156
208
990
225
2
45
296
905
971
791
455
175
266
800
465
79
929
50
797
537
945
491
18
290
819
826
800
146
515
698
959
690
555
976
504
804
183
99
776
369
940
985
3
580
908
70
837
924
65
344
245
687
293
401
382
704
874
364
174
783
387
829
965
995
226
660
420
839
831
967
952
664
936
92
416
32
217
865
474
221
178
377
84
499
418
506
688
808
839
847
395
125
478
187
96
336
301
689
650
810
251
528
851
956
980
457
250
207
117
523
592
552
771
838
266
24
86
228
599
159
562
257
837
988
513
965
766
663
66
728
907
295
307
963
172
10
934
987
677
450
454
274
917
533
696
323
426
52
528
37
938
301
464
416
400
1000
253
405
8
902
258
189
249
888
789
126
15
908
938
635
408
239
510
213
322
613
384
518
434
152
18
725
818
682
742
923
218
939
845
728
882
64
943
919
623
365
918
247
539
143
646
877
301
483
160
78
494
786
180
933
124
348
192
192
765
44
803
940
936
132
500
711
696
343
212
99
58
831
171
623
459
748
369
828
485
200
795
644
40
916
185
530
26
371
653
264
39
495
31
92
36
832
591
224
445
401
688
983
289
604
113
890
297
499
243
1
165
405
645
632
775
587
627
293
252
133
986
154
619
873
25
214
162
248
731
571
788
538
779
713
927
466
627
557
193
186
799
950
16
853
150
131
667
215
620
603
514
442
525
644
833
520
827
651
48
104
547
656
936
73
756
227
791
268
877
131
416
463
840
671
220
338
347
105
165
656
792
219
408
260
303
461
331
105
211
139
586
614
69
25
635
632
315
335
537
552
988
934
255
762
528
538
300
130
125
887
296
510
562
640
866
620
563
303
181
36
690
447
49
680
764
128
377
217
142
21
312
713
742
515
662
140
868
781
904
129
506
641
389
528
159
251
471
448
251
524
706
7
844
153
461
15
947
492
535
365
443
295
325
566
434
747
353
319
863
370
350
102
417
621
548
394
841
766
696
834
579
542
683
769
111
119
651
685
755
185
437
616
33
657
819
950
187
12
555
619
508
355
714
624
379
87
131
519
119
887
617
707
547
370
538
254
99
950
495
400
335
116
775
831
817
415
422
630
88
68
303
185
469
909
572
101
836
319
32
452
894
834
994
673
703
109
800
126
340
315
899
889
741
584
900
420
170
957
72
865
628
184
300
162
318
237
333
373
725
778
165
909
532
602
326
551
408
807
178
559
799
891
927
269
992
530
903
394
685
116
101
575
462
416
595
563
292
53
835
80
368
359
510
594
789
771
843
899
100
486
612
982
613
742
445
914
802